Component 1 of 1:
-8.134398 -4.972282 0.294822
-7.353259 -5.724640 0.813808
-6.434788 -6.340291 1.291188
-5.385866 -6.803281 1.678160
-4.220884 -7.077008 1.907152
-2.992711 -7.126122 1.899957
-1.802702 -6.955317 1.593383
-0.755657 -6.648743 0.976167
0.128716 -6.357497 0.121514
0.962409 -6.187004 -0.809471
1.890265 -6.091591 -1.633780
2.953891 -5.955509 -2.229722
4.093846 -5.702116 -2.556944
5.228483 -5.311078 -2.637654
6.298677 -4.790527 -2.527538
7.275335 -4.154855 -2.284468
8.142502 -3.414072 -1.953493
8.885475 -2.575372 -1.563393
9.484859 -1.648455 -1.131999
9.924387 -0.651150 -0.670574
10.197802 0.390576 -0.186625
10.307604 1.450134 0.315782
10.254110 2.503436 0.833204
10.027308 3.527331 1.357196
9.605299 4.494291 1.866171
8.965874 5.365212 2.318837
8.106527 6.089103 2.653254
7.064175 6.609965 2.796843
5.924532 6.884944 2.682034
4.814920 6.900273 2.270036
3.872048 6.685359 1.568982
3.203217 6.298387 0.636121
2.861606 5.786595 -0.428443
2.865985 5.145605 -1.484872
3.211663 4.354143 -2.360486
3.830130 3.436610 -2.883539
4.576544 2.470901 -2.940161
5.269777 1.558687 -2.509080
5.741838 0.790375 -1.670694
5.891059 0.207884 -0.582981
5.678334 -0.203176 0.573241
5.066750 -0.465954 1.614030
4.095098 -0.614236 2.349495
2.909156 -0.683997 2.640115
1.702567 -0.693069 2.454606
0.617670 -0.641139 1.890259
-0.355860 -0.524453 1.143219
-1.342841 -0.355212 0.416200
-2.395204 -0.132477 -0.219785
-3.442248 0.237915 -0.899879
-4.342263 0.884850 -1.777995
-4.894409 1.906242 -2.535984
-5.152807 3.178525 -2.661116
-5.177208 4.332245 -2.124299
-5.015475 5.217556 -1.218653
-4.723917 6.056255 -0.300495
-4.277194 6.998502 0.397431
-3.610864 7.954513 0.785654
-2.746513 8.796653 0.860107
-1.761721 9.447967 0.668029
-0.727190 9.887494 0.285124
0.319229 10.123994 -0.208523
1.370028 10.168729 -0.738145
2.425519 10.018884 -1.235546
3.471938 9.659127 -1.635657
4.465801 9.074447 -1.877475
5.327964 8.268909 -1.911261
5.954876 7.283490 -1.712300
6.245809 6.205163 -1.294358
6.145703 5.146544 -0.723755
5.666134 4.193035 -0.126874
4.872481 3.351521 0.287001
3.947128 2.542540 0.321413
3.175062 1.642213 -0.012378
2.746797 0.577649 -0.465982
2.652635 -0.619554 -0.719063
2.785275 -1.817383 -0.578289
3.045862 -2.885075 -0.079636
3.341801 -3.856414 0.571052
3.572044 -4.880935 1.149476
3.636800 -6.016511 1.505164
3.465368 -7.190878 1.570233
3.033975 -8.274524 1.345308
2.365768 -9.139189 0.878877
1.515807 -9.685704 0.251026
0.559796 -9.852443 -0.440643
-0.416549 -9.620009 -1.089767
-1.324071 -9.014369 -1.587794
-2.081434 -8.111226 -1.834930
-2.628263 -7.033212 -1.757035
-2.947037 -5.936427 -1.325954
-3.077175 -4.962271 -0.579540
-3.106268 -4.165178 0.374594
-3.108145 -3.465376 1.396925
-3.088437 -2.698002 2.354187
-3.007414 -1.756381 3.125628
-2.830039 -0.656156 3.613332
-2.552245 0.515709 3.766306
-2.203125 1.661922 3.585177
-1.837113 2.713346 3.109361
-1.515523 3.636196 2.392040
-1.295290 4.426407 1.490774
-1.228658 5.107440 0.467505
-1.369431 5.735917 -0.598623
-1.784245 6.374404 -1.590922
-2.515644 7.021338 -2.365804
-3.529215 7.583808 -2.805331
-4.709213 7.940436 -2.859138
-5.897657 8.010198 -2.552877
-6.949708 7.777452 -1.968509
-7.771514 7.279737 -1.214900
-8.335861 6.578057 -0.396221
-8.661831 5.728096 0.406190
-8.782896 4.763638 1.131644
-8.719392 3.701891 1.721018
-8.476009 2.565063 2.100482
-8.058693 1.407903 2.184007
-7.504044 0.327698 1.904962
-6.889331 -0.565747 1.257090
-6.306840 -1.214871 0.315469
-5.772525 -1.628433 -0.787573
-5.152807 -1.772962 -1.904379
-4.340386 -1.545533 -2.861015
-3.426607 -0.891717 -3.455707
-2.634520 0.103711 -3.528596
-2.209382 1.214260 -3.038077
-2.330135 2.135859 -2.112411
-3.037133 2.616368 -1.058797
-4.190853 2.627005 -0.290484
-5.511937 2.349211 -0.154403
-6.700381 1.909996 -0.558580
-7.713640 1.269006 -1.040340
-8.541078 0.369930 -1.311251
-9.088219 -0.732173 -1.317195
-9.292810 -1.913422 -1.093834
-9.162986 -3.054629 -0.707175
-8.754429 -4.082904 -0.226041
