Component 1 of 1:
1.343307 -6.276298 -2.026628
2.529302 -6.319933 -1.775074
3.653990 -6.109612 -1.382796
4.658247 -5.642502 -0.899540
5.481418 -4.936926 -0.366541
6.073325 -4.034557 0.176277
6.406041 -2.993430 0.690295
6.476511 -1.872232 1.135807
6.296081 -0.721145 1.467432
5.884386 0.413143 1.627572
5.276116 1.476306 1.546848
4.541305 2.405728 1.167443
3.792095 3.172393 0.484339
3.126227 3.862914 -0.398830
2.497231 4.644196 -1.237929
1.721839 5.516892 -1.778346
0.718893 6.287703 -1.900960
-0.427613 6.737142 -1.618643
-1.548156 6.722305 -1.041354
-2.460779 6.207850 -0.339705
-3.024323 5.265556 0.288419
-3.176827 4.055998 0.660405
-2.958434 2.779897 0.670660
-2.466888 1.558121 0.425432
-1.744949 0.342672 0.417359
-0.867016 -0.664202 1.010575
0.169312 -1.274217 1.751058
1.381270 -1.895141 1.909671
2.407561 -2.510174 1.229404
2.871399 -2.788783 -0.067642
2.692278 -2.509301 -1.444540
2.022048 -1.675003 -2.323782
1.245129 -0.549879 -2.362180
0.716056 0.467032 -1.617552
0.487192 1.126354 -0.419993
0.186329 1.439871 0.920906
-0.563754 1.343001 2.102755
-1.672733 0.783821 2.703389
-2.759241 -0.001825 2.496560
-3.487507 -0.716564 1.622990
-3.843785 -1.268763 0.442013
-4.204209 -1.910413 -0.692711
-4.702301 -2.841581 -1.497120
-5.110723 -4.031721 -1.800818
-5.210211 -5.283605 -1.597698
-4.910221 -6.351568 -1.003828
-4.235845 -7.036417 -0.204655
-3.296604 -7.226010 0.591244
-2.251986 -6.907912 1.189042
-1.276966 -6.169829 1.437979
-0.519464 -5.182154 1.265184
-0.033154 -4.133390 0.721494
0.341670 -3.054519 0.053008
0.980265 -1.831652 -0.270326
2.083573 -0.769361 -0.279926
3.166589 -0.023206 -0.732419
4.049323 0.640044 -1.402214
4.850022 1.452961 -1.911214
5.525708 2.465944 -2.095353
5.959875 3.596087 -1.921687
6.059144 4.709211 -1.437122
5.782499 5.665033 -0.738964
5.144339 6.342464 0.042318
4.212735 6.656854 0.758802
3.103537 6.577002 1.261476
1.965976 6.140871 1.421615
0.953430 5.466058 1.159806
0.152076 4.736920 0.479975
-0.524919 4.132360 -0.492645
-1.318637 3.687284 -1.465921
-2.338165 3.272753 -2.133752
-3.476380 2.799750 -2.374180
-4.576197 2.252133 -2.219058
-5.533327 1.622482 -1.772019
-6.287119 0.888327 -1.140623
-6.776702 0.021738 -0.416284
-6.917861 -0.975100 0.305872
-6.630961 -2.034336 0.903670
-5.904005 -3.015029 1.229622
-4.856550 -3.752458 1.144970
-3.744298 -4.185970 0.586008
-2.800476 -4.513886 -0.329669
-1.945670 -4.984924 -1.229638
-0.966940 -5.534069 -1.825036
0.154258 -5.998780 -2.070482
