Component 1 of 2:
-8.663082 -2.362011 0.862292
-9.061451 -1.398105 0.320461
-9.356072 -0.392022 -0.212751
-9.522932 0.649157 -0.736727
-9.529089 1.711578 -1.249004
-9.341295 2.768457 -1.741578
-8.938308 3.780698 -2.199980
-8.316433 4.704274 -2.601428
-7.491063 5.497319 -2.911134
-6.495447 6.125967 -3.081072
-5.383461 6.566205 -3.049671
-4.237610 6.805411 -2.751663
-3.177652 6.846048 -2.139024
-2.346433 6.714285 -1.212061
-1.874177 6.451066 -0.047739
-1.846778 6.055775 1.184621
-2.294097 5.490853 2.243655
-3.125932 4.777545 2.883694
-4.126781 4.006974 2.948344
-5.031886 3.295820 2.421905
-5.602656 2.747831 1.426598
-5.692552 2.424272 0.187466
-5.285870 2.326680 -1.038121
-4.438642 2.406723 -2.007876
-3.278014 2.570504 -2.522001
-2.018871 2.724126 -2.502913
-0.861014 2.828182 -2.023885
0.129984 2.912844 -1.266552
1.071109 3.066465 -0.455036
2.112595 3.389409 0.175151
3.237512 3.935243 0.416821
4.235898 4.714434 0.204398
4.856850 5.723288 -0.290331
4.992000 6.880528 -0.790294
4.652739 8.029766 -1.122166
3.935120 9.016761 -1.232687
2.977678 9.756238 -1.135096
1.902944 10.236499 -0.879266
0.786031 10.485864 -0.525536
-0.340117 10.531119 -0.129629
-1.458261 10.371648 0.257965
-2.539461 9.977281 0.588914
-3.515989 9.310151 0.813650
-4.273322 8.364717 0.883227
-4.669537 7.204704 0.771782
-4.593187 5.971729 0.513180
-4.056589 4.800326 0.268740
-3.345128 3.657862 0.264738
-2.886110 2.422732 0.312456
-2.705705 1.199917 0.016296
-2.607498 0.145808 -0.635441
-2.368599 -0.806092 -1.369685
-1.861863 -1.790317 -1.869955
-1.128236 -2.762843 -1.904128
-0.315180 -3.550346 -1.408475
0.464934 -3.984119 -0.514760
1.222575 -3.988737 0.522108
2.014696 -3.561737 1.419825
2.847454 -2.788088 1.932718
3.633418 -1.842037 1.945032
4.253754 -0.895371 1.488169
4.632728 -0.054301 0.693894
4.755872 0.679019 -0.270936
4.641964 1.404027 -1.245925
4.308553 2.243250 -2.071911
3.785501 3.235787 -2.578954
3.148232 4.302519 -2.622978
2.532515 5.291669 -2.142718
2.122754 6.068089 -1.211445
2.087659 6.612384 -0.042505
2.478947 7.000594 1.102730
3.251981 7.264429 2.029385
4.297162 7.374950 2.627863
5.464562 7.301680 2.865530
6.613493 7.032303 2.776559
7.640818 6.571746 2.438838
8.491123 5.936941 1.946879
9.148401 5.153132 1.388115
9.622812 4.250490 0.829351
9.936829 3.260416 0.309994
10.114464 2.212772 -0.157644
10.173880 1.132803 -0.580642
10.126162 0.041751 -0.977165
9.974388 -1.042836 -1.367222
9.715786 -2.104641 -1.765899
9.340506 -3.127656 -2.177198
8.833155 -4.094641 -2.589422
8.178030 -4.985892 -2.971475
7.367130 -5.779244 -3.274715
6.409997 -6.447914 -3.440344
5.344806 -6.964809 -3.409250
4.238976 -7.312690 -3.139565
3.177171 -7.494327 -2.617437
2.234508 -7.542045 -1.865337
1.439000 -7.519879 -0.937143
0.739852 -7.497713 0.084949
0.024080 -7.504178 1.095033
-0.814219 -7.503254 1.985361
-1.807372 -7.424750 2.671887
-2.909815 -7.212020 3.101042
-4.037194 -6.843205 3.256819
-5.106696 -6.326310 3.163537
-6.063213 -5.686887 2.873226
-6.887044 -4.952643 2.448074
-7.584036 -4.145745 1.945647
-8.171740 -3.279430 1.408434
Component 2 of 2:
2.804640 -10.475426 0.861584
1.787987 -10.955067 0.467847
0.700391 -11.100964 0.002857
-0.378569 -10.896770 -0.460744
-1.369312 -10.360682 -0.850162
-2.200740 -9.543905 -1.099236
-2.817487 -8.525094 -1.155991
-3.187782 -7.401872 -0.988811
-3.307152 -6.274794 -0.595999
-3.194105 -5.217888 -0.018271
-2.861287 -4.243031 0.637957
-2.285410 -3.306112 1.177745
-1.470175 -2.405591 1.373303
-0.514133 -1.654052 1.096777
0.464272 -1.230549 0.413868
1.427254 -1.280364 -0.418177
2.384684 -1.789307 -1.072863
3.307260 -2.593592 -1.306823
4.082396 -3.516321 -1.072092
4.620333 -4.463573 -0.519349
4.917217 -5.451848 0.120223
4.979678 -6.517852 0.671270
4.794299 -7.637836 1.040022
4.355374 -8.734223 1.188541
3.679251 -9.710623 1.118831
