Component 1 of 1:
-9.107083 -3.188826 1.533226
-9.609997 -2.255559 1.025622
-9.926820 -1.232844 0.530840
-10.047544 -0.156960 0.052322
-9.961848 0.933311 -0.410245
-9.672235 1.997622 -0.856862
-9.198721 3.002511 -1.285027
-8.564450 3.926707 -1.690047
-7.786623 4.752386 -2.060039
-6.870246 5.457653 -2.369355
-5.822197 6.011545 -2.572647
-4.668749 6.375282 -2.609240
-3.473392 6.518211 -2.416894
-2.335270 6.436895 -1.954639
-1.360720 6.171052 -1.222788
-0.608851 5.789801 -0.271381
-0.055897 5.308781 0.795433
0.365073 4.572551 1.784683
0.660942 3.457885 2.412699
0.775411 2.128981 2.418328
0.695345 0.967089 1.709308
0.550226 0.375353 0.454527
0.579938 0.536423 -0.940056
0.954620 1.314875 -2.013438
1.668645 2.363861 -2.448795
2.540611 3.313392 -2.182639
3.365976 3.924519 -1.380105
4.093450 4.171284 -0.329242
4.870337 4.179729 0.702231
5.801414 3.987070 1.541984
6.836328 3.552025 2.090559
7.847783 2.874594 2.306049
8.713807 2.012010 2.203465
9.361215 1.047467 1.840041
9.773742 0.053839 1.289901
9.968902 -0.922589 0.618099
9.965774 -1.856794 -0.129077
9.763419 -2.731888 -0.915035
9.341825 -3.525665 -1.699117
8.676902 -4.201533 -2.423149
7.768970 -4.711639 -3.006754
6.665875 -5.005630 -3.357980
5.470831 -5.050355 -3.391445
4.335523 -4.845499 -3.057420
3.429153 -4.433599 -2.369042
2.887772 -3.883459 -1.416385
2.777993 -3.246686 -0.353324
3.109516 -2.527032 0.618725
3.808841 -1.713864 1.276140
4.695193 -0.837206 1.446905
5.544641 0.027880 1.092239
6.208938 0.837607 0.357573
6.703406 1.684866 -0.467793
7.044311 2.694133 -1.137093
7.155652 3.857902 -1.547430
6.978633 5.065768 -1.680977
6.519193 6.189817 -1.568385
5.833003 7.143413 -1.269076
4.988560 7.895280 -0.848731
4.042470 8.454803 -0.363957
3.027574 8.841371 0.143334
1.958570 9.059987 0.639992
0.846094 9.092828 1.092865
-0.286712 8.903922 1.460041
-1.390431 8.460746 1.689292
-2.385624 7.760795 1.726823
-3.181590 6.852236 1.532914
-3.709211 5.827957 1.096618
-3.951285 4.788666 0.455153
-3.949409 3.760633 -0.278888
-3.768635 2.652535 -0.873439
-3.511861 1.421524 -1.081735
-3.381129 0.158299 -0.876566
-3.579104 -1.062704 -0.515019
-4.062626 -2.236794 -0.346130
-4.516124 -3.412447 -0.500007
-4.670626 -4.611557 -0.815891
-4.442001 -5.782519 -1.089241
-3.857771 -6.827127 -1.214656
-3.004257 -7.654995 -1.163364
-1.986858 -8.217957 -0.950064
-0.897213 -8.509760 -0.615414
0.203066 -8.551669 -0.211958
1.283641 -8.374962 0.203384
2.331689 -8.005595 0.571498
3.335013 -7.456707 0.832651
4.261399 -6.735489 0.928354
5.047670 -5.855704 0.809819
5.605003 -4.853944 0.454840
5.852081 -3.796513 -0.114065
5.754501 -2.750028 -0.805570
5.304757 -1.733568 -1.402936
4.586667 -0.732745 -1.606854
3.836988 0.212406 -1.284714
3.155804 1.070611 -0.625109
2.275393 1.922561 -0.090295
1.032809 2.554643 0.043878
-0.339255 2.589985 0.284075
-1.454859 2.323203 0.952124
-2.453179 1.951648 1.649885
-3.582545 1.547878 1.967958
-4.724420 1.138479 1.739333
-5.634230 0.725327 1.006856
-6.151843 0.295287 -0.050575
-6.250361 -0.175725 -1.219348
-5.919152 -0.716482 -2.299923
-5.189177 -1.329485 -3.094013
-4.202429 -1.980958 -3.450556
-3.159072 -2.622423 -3.305124
-2.263961 -3.206653 -2.687429
-1.679419 -3.703937 -1.715068
-1.484571 -4.120842 -0.560056
-1.683797 -4.496462 0.601523
-2.249887 -4.853631 1.621424
-3.124356 -5.157005 2.388929
-4.210248 -5.336215 2.840863
-5.384025 -5.327145 2.972221
-6.528715 -5.097269 2.829604
-7.557060 -4.645960 2.489637
-8.421833 -3.998240 2.035201
